chopper_1961 0.024746 1.000000 21.151497 110.000000 88.596352
chopper_1961 0.007079 1.000000 1.000000 110.000000 110.000000
chopper_1699 0.006730 55.007526 15.005981 103.347305 145.000000
chopper_221 0.272922 1.000000 1.000000 300.000000 104.000000
chopper_285 0.008086 1.000000 42.534607 300.000000 178.257141
chopper_1816 0.024697 1.000000 27.033684 150.000000 121.597710
chopper_582 0.029726 1.000000 42.572689 160.000000 122.677399
chopper_1296 0.016770 1.000000 19.694275 250.000000 184.309967
chopper_1296 0.012195 1.000000 1.000000 185.490692 172.366058
chopper_956 0.121791 1.000000 1.000000 189.039261 200.000000
chopper_956 0.025694 105.076950 24.418068 200.000000 196.553314
chopper_956 0.020212 1.000000 115.558167 72.894989 182.456238
chopper_956 0.009779 1.000000 64.138977 150.530441 186.799103
chopper_751 0.038585 340.165009 1.000000 459.973602 74.050598
chopper_751 0.037437 1.000000 1.000000 261.093384 170.010284
chopper_751 0.025311 43.105415 13.300079 236.634491 141.287979
chopper_751 0.014610 245.997086 2.294613 305.143433 56.136311
chopper_751 0.013920 58.195282 19.951347 413.971344 190.344666
chopper_751 0.013391 12.164696 137.868393 153.609680 227.689011
chopper_751 0.006984 1.000000 104.888802 258.993805 240.698547
chopper_751 0.006198 153.126678 146.181335 500.000000 335.000000
chopper_751 0.005919 222.304916 1.000000 500.000000 240.930115
chopper_751 0.005594 1.000000 67.615562 362.876648 278.395905
chopper_1407 0.005779 1.000000 203.785416 48.479294 342.994934
chopper_1407 0.005540 22.484100 63.387665 310.825623 426.834442
chopper_379 0.010011 66.140854 339.112274 203.993271 461.855804
chopper_379 0.006659 1.000000 1.000000 375.000000 500.000000
chopper_379 0.005052 69.202194 396.150391 182.955215 462.402771
chopper_1975 0.030662 17.727844 16.147667 166.541046 175.722595
chopper_1975 0.009800 1.000000 1.000000 180.000000 180.000000
chopper_1975 0.005702 100.339905 94.220787 174.971283 160.857422
chopper_287 0.056835 1.000000 1.000000 300.000000 225.000000
chopper_737 0.016526 9.535231 320.094757 71.629211 424.202789
chopper_737 0.009984 37.546158 311.159912 119.754150 467.988892
chopper_737 0.005124 1.000000 355.824402 53.356514 427.310791
chopper_1884 0.008449 313.807739 11.257622 353.931152 76.719170
chopper_1884 0.005357 42.589478 55.689270 328.301514 256.094604
chopper_1884 0.005100 73.942207 1.000000 315.112885 179.674149
chopper_1884 0.005087 66.347397 1.000000 169.865921 56.349648
chopper_259 0.051533 1.000000 51.915787 120.022247 250.587296
chopper_259 0.015645 118.124252 1.000000 239.414261 144.660324
chopper_259 0.014447 15.733765 142.269547 131.376205 254.435623
chopper_259 0.008907 1.000000 1.000000 261.383850 202.712341
chopper_259 0.007012 327.529114 1.000000 416.262268 64.361595
chopper_259 0.006292 1.000000 1.000000 58.180519 248.301559
chopper_1576 0.169207 1.000000 1.000000 420.725555 451.000000
chopper_1576 0.036810 177.663925 1.000000 451.000000 252.683197
chopper_1576 0.023034 190.721115 37.773285 451.000000 422.438416
chopper_1576 0.019514 1.000000 127.560257 344.590088 384.089478
chopper_229 0.163724 222.835480 174.819244 403.689850 278.554199
chopper_229 0.023602 174.786880 209.919601 500.000000 493.693176
chopper_1866 0.097629 18.512848 23.316162 450.217682 182.555344
chopper_116 0.517969 13.594208 215.887131 238.556122 288.858154
chopper_116 0.077272 60.920784 230.515564 226.116608 274.001038
chopper_116 0.060232 222.381607 188.227509 297.870728 256.922607
chopper_116 0.006290 1.000000 116.176826 208.821594 230.031036
chopper_116 0.005498 120.689041 1.000000 317.000000 79.244293
chopper_116 0.005439 26.258408 1.000000 260.355652 81.490288
chopper_1523 0.128123 6.467857 29.454750 98.780045 80.153580
chopper_1523 0.008447 1.000000 5.656395 102.000000 100.044044
chopper_1377 0.046481 85.104553 4.567989 159.751419 74.214035
chopper_1377 0.010386 7.323174 1.000000 160.000000 160.000000
chopper_1377 0.005756 76.815308 1.000000 160.000000 131.300766
chopper_1377 0.005205 22.551025 84.536568 159.975891 160.000000
chopper_1815 0.009416 91.096832 13.551819 349.854492 540.547119
chopper_1815 0.007267 28.889587 407.424683 237.571960 616.046753
chopper_451 0.038302 11.401062 67.717896 598.539551 328.515320
chopper_451 0.016838 1.000000 1.000000 512.768860 353.012177
chopper_1222 0.036604 90.418129 1.000000 280.368469 105.000000
chopper_1222 0.006825 35.863647 1.000000 320.914093 105.000000
chopper_1705 0.327573 87.442566 201.284943 384.588684 311.346130
chopper_2060 0.018341 1.000000 1.000000 726.904175 272.250580
chopper_75 0.150334 45.617294 1.000000 361.156982 113.000000
chopper_75 0.008393 1.000000 1.000000 240.927338 113.000000
chopper_93 0.120637 315.190094 24.097218 486.424713 102.313568
chopper_93 0.018048 62.068268 32.673409 486.828888 198.000000
chopper_93 0.006260 211.509064 1.000000 540.000000 198.000000
chopper_1481 0.012973 1.000000 18.456570 300.000000 130.000000
chopper_2595 0.011490 1.000000 1.000000 450.000000 184.000000
chopper_2595 0.005226 61.726410 1.000000 413.171936 171.266479
chopper_1556 0.059095 304.880066 182.041260 418.591614 257.126892
chopper_1556 0.030086 332.044312 7.125895 390.403137 40.301254
chopper_1556 0.017644 234.566223 18.170721 302.913147 63.862518
chopper_1556 0.011270 336.085510 164.332626 437.258484 241.180374
chopper_1556 0.008353 37.839294 32.898472 362.915649 151.140717
chopper_1556 0.007468 215.507278 68.678970 371.211365 130.437637
chopper_787 0.026088 1.000000 98.146515 88.967575 170.000000
chopper_787 0.021443 1.000000 1.000000 124.000000 170.000000
chopper_729 0.013909 1.000000 1.000000 137.058502 94.529686
chopper_729 0.007940 45.819290 80.991058 131.841858 150.000000
chopper_729 0.005695 24.554237 34.511993 150.000000 125.971634
chopper_2460 0.043002 330.222076 18.330170 449.036530 59.560028
chopper_2460 0.018875 332.446869 92.276108 448.362091 179.544388
chopper_2460 0.016809 354.599457 291.513733 465.166840 345.527832
chopper_2460 0.008045 320.300751 29.281456 460.805817 87.464554
chopper_2460 0.005428 361.711761 301.866974 420.760590 353.029938
chopper_2058 0.112338 212.676208 110.287415 1536.607422 987.917786
chopper_2058 0.018899 562.713623 265.585205 1373.977783 771.311401
chopper_2058 0.012183 1.000000 314.210419 1352.406128 1067.000000
chopper_2058 0.007034 735.629089 255.511139 1263.503906 603.216797
chopper_1170 0.181930 1.000000 27.923689 97.778931 76.048470
chopper_485 0.045545 40.781422 46.134056 147.810379 118.000000
chopper_485 0.019908 1.000000 15.929634 144.978088 118.000000
chopper_485 0.011086 72.207489 72.959984 146.251511 113.104591
chopper_485 0.010590 86.358337 1.000000 149.080460 51.268005
chopper_485 0.007916 64.608406 34.140495 150.000000 105.801491
chopper_485 0.006989 66.725143 1.000000 150.000000 73.772484
chopper_9 0.014326 1.000000 7.685589 100.000000 92.025909
chopper_1143 0.115728 283.575562 267.444458 372.371643 379.097229
chopper_1143 0.008380 113.218979 352.841766 178.292587 448.016022
chopper_1143 0.005975 71.142105 77.985107 181.346115 203.000519
chopper_1299 0.366252 121.739319 6.530346 465.465332 125.931000
chopper_1299 0.022877 23.934921 1.000000 500.000000 141.000000
chopper_1983 0.040653 1.000000 156.076080 206.886963 312.800446
chopper_1983 0.026253 1.000000 1.000000 252.000000 308.516907
chopper_1983 0.011930 116.593536 17.222359 243.458862 153.260986
chopper_1965 0.106179 1.000000 1.000000 98.183197 100.000000
chopper_1965 0.007216 1.000000 43.838486 71.002327 100.000000
chopper_1661 0.009783 1.000000 31.115807 242.132416 172.455353
chopper_206 0.095407 97.015228 185.285522 412.631104 375.000000
chopper_206 0.026702 257.550934 265.476624 426.888214 375.000000
chopper_206 0.016935 325.199188 1.000000 456.075470 131.238052
chopper_206 0.006905 262.592316 211.177811 500.000000 366.525452
chopper_2413 0.011903 1.000000 2.687904 160.000000 137.464050
chopper_1585 0.344367 130.560028 38.074844 910.180054 280.632080
chopper_1585 0.013526 701.092041 60.339329 1076.268311 162.652145
chopper_522 0.030030 12.352936 30.606541 223.428375 111.801117
chopper_522 0.008316 1.000000 1.000000 194.146591 145.000000
chopper_362 0.123506 39.797108 1.000000 164.684387 170.190109
chopper_362 0.033945 219.854904 169.417053 311.234314 312.913971
chopper_362 0.009937 1.000000 1.000000 460.304688 361.819336
chopper_362 0.009921 1.000000 213.995728 301.732605 375.000000
chopper_362 0.009421 279.713013 84.715530 500.000000 204.780411
chopper_362 0.008789 1.000000 1.000000 426.347137 144.658325
chopper_362 0.008594 362.699493 282.384338 438.123444 353.956055
chopper_362 0.005745 264.845581 98.504364 457.894104 173.238312
chopper_362 0.005455 33.501915 21.901871 133.939941 134.023483
chopper_1964 0.094318 272.017639 46.994705 640.000000 344.826782
chopper_1964 0.066784 1.000000 28.492004 612.195557 425.000000
chopper_1964 0.032220 19.969879 206.613708 241.209076 331.497375
chopper_1964 0.023554 169.661087 122.784561 583.050537 415.479919
chopper_1964 0.012263 203.263855 1.000000 621.888855 246.268311
chopper_1964 0.011823 1.000000 174.040100 349.253418 362.738525
chopper_289 0.026600 528.969788 177.865570 751.432800 308.662445
chopper_289 0.012629 17.208038 19.291550 800.000000 378.000000
chopper_289 0.005742 441.876953 136.214752 800.000000 321.573486
chopper_932 0.026203 1.000000 1.000000 256.395844 176.881561
chopper_1201 0.050910 103.648499 131.326599 406.524902 328.319977
chopper_1201 0.018476 238.837692 1.000000 463.247559 233.546478
chopper_1201 0.008179 341.549255 1.000000 458.535583 113.441643
chopper_151 0.189589 5.016148 236.626770 131.431793 394.000000
chopper_151 0.090037 1.000000 1.000000 309.000000 394.000000
chopper_151 0.011682 2.055862 51.885483 240.313660 394.000000
chopper_151 0.007715 229.117615 343.871063 257.978729 393.659637
chopper_151 0.005196 227.463165 351.399109 289.215973 394.000000
chopper_2475 0.061453 13.301220 41.860519 124.773407 111.394547
chopper_2475 0.048666 27.998222 9.151310 119.914482 76.729416
chopper_2475 0.015798 1.000000 13.987911 106.258057 100.612823
chopper_2475 0.006757 81.689621 14.066344 114.637741 38.439468
chopper_2475 0.005204 1.000000 1.000000 125.000000 125.000000
chopper_2644 0.015617 1.000000 1.000000 474.526428 340.355560
chopper_2644 0.011764 213.937714 123.797134 500.000000 375.000000
chopper_2644 0.006534 1.000000 1.000000 500.000000 375.000000
chopper_241 0.008962 1.000000 1.000000 100.000000 100.000000
chopper_927 0.189386 265.299622 50.973900 476.780273 199.470337
chopper_927 0.012537 1.000000 35.811157 500.000000 349.991364
chopper_927 0.011026 151.462708 73.401558 434.862549 256.347839
chopper_927 0.005597 1.000000 118.179764 373.519470 375.000000
chopper_137 0.115153 183.760788 183.905579 262.979156 273.983521
chopper_137 0.024141 1.000000 66.705299 300.000000 275.083496
chopper_137 0.013692 204.420776 214.838150 253.782745 264.942017
chopper_2438 0.630063 313.504242 26.339699 409.982086 205.593597
chopper_2438 0.006079 246.639877 219.570282 500.000000 375.000000
chopper_2438 0.005889 292.558350 332.641113 336.313599 375.000000
chopper_1006 0.006464 337.945557 152.269516 500.000000 375.000000
chopper_2483 0.029671 2.125900 46.304123 500.000000 298.844116
chopper_2483 0.017162 12.752083 10.589151 172.213440 63.457062
chopper_2483 0.009138 191.661804 1.000000 500.000000 252.989853
chopper_2483 0.007898 1.000000 1.000000 500.000000 334.000000
chopper_2483 0.006590 1.000000 118.948639 238.565430 206.292786
chopper_2483 0.006364 278.457275 63.400574 500.000000 299.787201
chopper_2483 0.005872 76.748444 1.000000 260.277832 85.424820
chopper_79 0.045181 1.000000 33.819313 393.157104 275.237396
chopper_79 0.016719 1.000000 1.000000 400.000000 300.000000
chopper_1235 0.009235 14.631500 1.000000 325.000000 133.000000
chopper_1235 0.005876 206.041229 9.942947 301.779144 55.251347
chopper_280 0.005341 1.000000 1.000000 201.909042 164.000000
chopper_571 0.046135 1.000000 61.421936 200.000000 144.056854
chopper_1578 0.006107 1.000000 24.467308 150.000000 107.353493
chopper_992 0.068391 303.641541 307.906860 437.702026 367.719238
chopper_992 0.007846 77.323364 120.233582 394.664856 207.090637
chopper_992 0.006487 189.150742 1.000000 476.948547 63.449383
chopper_424 0.232675 175.253052 91.362663 288.700531 304.438507
chopper_899 0.120897 1.000000 1.000000 187.160446 200.000000
chopper_899 0.012025 86.136124 17.471001 200.000000 187.599792
chopper_899 0.006611 120.359238 7.275593 192.835648 74.948730
chopper_2034 0.367182 21.180664 26.808983 183.284012 178.474792
chopper_2034 0.012731 1.000000 1.000000 200.000000 200.000000
chopper_2034 0.008732 100.298599 8.796173 197.554947 173.514999
chopper_2386 0.128721 1.000000 102.825668 319.646729 321.941040
chopper_2386 0.040635 82.320267 1.000000 198.097305 119.314644
chopper_2386 0.018737 242.915451 1.000000 500.000000 188.231384
chopper_2386 0.010824 1.000000 25.553604 337.390808 375.000000
chopper_2386 0.009345 324.543762 1.000000 437.116699 70.347710
chopper_2386 0.007436 32.833252 9.632889 418.676086 338.926331
chopper_2386 0.006941 177.623062 19.565727 448.985596 154.915955
chopper_2386 0.006765 248.266205 75.879044 435.838348 214.221024
chopper_2386 0.005489 320.110413 329.930481 405.647400 375.000000
chopper_2386 0.005157 387.701050 1.000000 450.942749 80.632187
chopper_965 0.015136 1.000000 20.796310 275.000000 295.481384
chopper_965 0.007044 1.000000 1.000000 162.776947 119.191948
chopper_965 0.006507 50.986137 75.438965 245.308990 254.139893
chopper_2162 0.083920 1.000000 30.809975 384.312927 241.529083
chopper_2162 0.009027 1.000000 1.000000 346.460510 263.000000
chopper_346 0.010982 21.893089 52.616245 160.000000 112.442093
chopper_1671 0.041942 16.596840 319.073425 168.684906 400.000000
chopper_1671 0.018949 83.465652 18.413704 349.163757 199.802032
chopper_1671 0.007159 41.876045 294.128998 218.869202 389.092499
chopper_1671 0.007067 1.000000 1.000000 396.634033 298.979614
chopper_1671 0.006692 170.348923 55.332760 302.282776 181.822433
chopper_383 0.055800 1.000000 1.000000 307.691589 161.852020
chopper_383 0.015543 192.909729 1.000000 730.598511 286.849121
chopper_383 0.009997 583.650452 1.000000 799.081970 85.887115
chopper_383 0.007383 1.000000 1.000000 367.235718 330.054962
chopper_2296 0.175291 1.000000 1.000000 383.525757 137.000000
chopper_1345 0.060563 2.849258 63.833725 156.000000 428.491760
chopper_1345 0.007222 62.871246 291.612335 156.000000 407.499237
chopper_158 0.127514 9.939590 95.057297 305.294434 199.661423
chopper_158 0.015574 154.220032 38.888542 400.000000 239.200653
chopper_158 0.005281 1.000000 40.361671 349.624298 239.244019
chopper_1580 0.100483 1.000000 6.049370 116.801704 117.708282
chopper_1580 0.031058 53.705391 1.000000 120.000000 80.180298
chopper_1580 0.010895 49.761497 29.730618 120.000000 117.197556
chopper_341 0.011122 1.000000 1.000000 110.000000 142.749634
chopper_2172 0.049413 34.396988 1.000000 372.157166 152.000000
chopper_2172 0.006380 1.000000 1.000000 377.209198 152.000000
chopper_2172 0.005094 54.540672 19.623428 276.299072 127.706635
chopper_626 0.046151 1.000000 1.000000 135.000000 130.849030
chopper_626 0.009356 1.000000 69.095802 99.701141 134.000000
chopper_626 0.007402 70.105499 8.370312 126.547607 47.003666
chopper_1778 0.040394 1.000000 1.000000 330.000000 230.000000
chopper_1607 0.272534 202.273560 73.393082 312.117676 274.677307
chopper_1607 0.006204 227.700104 17.746033 321.000000 237.738861
chopper_1417 0.013230 42.351273 1.000000 395.465332 118.000000
chopper_820 0.093466 1.000000 1.000000 286.005341 206.783081
chopper_820 0.015154 1.000000 1.000000 160.105225 207.000000
chopper_477 0.023020 1.000000 1.000000 369.000000 138.000000
chopper_477 0.006997 1.000000 1.000000 293.967163 138.000000
