chopper_1961 0.228543 8.619057 38.171333 104.614838 71.725868
chopper_221 0.304466 61.306442 7.453968 267.333069 93.454727
chopper_285 0.055186 26.931534 80.899071 257.441589 152.652802
chopper_1816 0.045485 1.000000 57.671608 141.652863 97.084251
chopper_582 0.201109 27.012043 59.176514 149.795547 106.299057
chopper_1296 0.103408 30.973335 25.849785 243.366730 168.914398
chopper_1296 0.013810 1.000000 1.000000 174.793915 154.434875
chopper_956 0.044424 33.927418 30.213379 156.451614 175.561905
chopper_751 0.059610 147.181015 38.300423 441.503113 192.734924
chopper_751 0.032782 17.132721 141.516159 150.360519 222.782181
chopper_751 0.025739 28.222778 86.239922 175.048599 241.731201
chopper_751 0.009574 37.419861 5.543823 205.753494 130.174164
chopper_751 0.008407 99.088562 212.399948 200.947479 308.406433
chopper_1407 0.082930 147.980072 394.635559 314.808167 446.820923
chopper_1407 0.017604 38.760277 363.587189 221.933685 422.986542
chopper_1407 0.016239 86.989708 371.250336 301.610962 434.181061
chopper_1407 0.007472 13.615395 370.211639 135.958893 416.425385
chopper_1407 0.007254 1.000000 153.891357 62.469780 391.649292
chopper_379 0.009650 76.291367 396.169739 175.318939 462.036560
chopper_379 0.008841 1.000000 167.213959 101.615707 439.246735
chopper_1975 0.190986 27.643875 31.872696 170.451462 166.943207
chopper_287 0.053606 21.659920 5.079361 261.600098 193.108047
chopper_737 0.014032 35.018837 311.826294 122.220772 469.778198
chopper_737 0.010443 149.177032 358.376831 237.017273 401.616516
chopper_737 0.006906 15.853863 340.303864 64.171921 403.172760
chopper_737 0.005698 131.373932 308.573914 332.516754 396.379456
chopper_737 0.005016 1.000000 338.726837 80.796021 422.301056
chopper_1884 0.021106 113.201744 19.542290 259.634735 137.466278
chopper_1884 0.017073 332.184174 9.987255 401.736481 78.279587
chopper_259 0.098031 24.258743 108.810547 121.266083 268.303284
chopper_259 0.044125 21.239258 1.000000 220.155960 254.157928
chopper_259 0.012342 1.000000 28.054871 118.213409 294.062561
chopper_259 0.011844 312.260498 12.737442 450.102173 232.386078
chopper_120 0.070003 111.387329 112.837761 500.000000 270.628754
chopper_1576 0.033608 96.982895 25.911377 381.599426 417.888245
chopper_1576 0.025351 44.396568 135.689285 296.402832 361.340698
chopper_1576 0.005022 19.061729 178.259995 200.274994 387.416077
chopper_229 0.064030 232.205322 181.510742 395.027893 271.479004
chopper_229 0.031601 202.736649 159.903625 461.844849 292.656921
chopper_229 0.019060 1.000000 154.896072 267.727539 500.000000
chopper_229 0.006871 26.970657 179.869324 217.015533 370.399597
chopper_1866 0.236540 47.134811 34.308952 423.648193 172.302979
chopper_116 0.774574 6.912323 222.452423 245.697983 282.750763
chopper_116 0.054169 1.000000 21.538813 131.288971 81.089424
chopper_116 0.006144 213.535736 175.944504 307.056793 269.050049
chopper_1523 0.381270 18.876087 37.104576 94.196518 69.066971
chopper_1377 0.006886 1.000000 60.074821 106.993385 160.000000
chopper_1815 0.013536 88.779709 149.215256 352.432007 576.128845
chopper_1815 0.007371 1.000000 227.200516 427.000000 623.255249
chopper_1815 0.007352 63.209026 413.086548 181.609009 634.347290
chopper_451 0.181985 124.631393 20.619888 510.382202 352.917725
chopper_451 0.025121 1.000000 1.000000 391.897827 303.333130
chopper_1705 0.349879 88.686707 215.472595 383.994019 294.075378
chopper_1705 0.007833 77.714600 221.201126 259.935364 270.642303
chopper_2060 0.027353 2.264954 58.766045 690.135925 211.390564
chopper_75 0.212837 96.701675 1.000000 328.291626 113.000000
chopper_93 0.061592 132.885284 39.782143 439.916840 173.304169
chopper_93 0.018746 295.663757 14.308010 527.052734 112.360367
chopper_93 0.007981 6.339828 68.314514 316.948364 186.220306
chopper_1481 0.021843 17.174286 38.017963 289.515747 123.654755
chopper_2595 0.035012 68.362549 1.000000 442.129303 182.053253
chopper_1556 0.089372 127.770508 69.313034 391.468567 148.335709
chopper_1556 0.035387 312.575439 185.702377 411.920959 252.638412
chopper_1556 0.011271 5.870518 50.126583 55.203072 151.106384
chopper_1556 0.010470 342.852448 166.766617 431.732269 238.109634
chopper_1556 0.006262 4.324177 7.405838 73.943756 125.093445
chopper_1556 0.005926 264.264740 9.370020 357.219086 56.651611
chopper_1556 0.005835 291.528564 90.435371 416.570312 161.664520
chopper_787 0.006149 1.000000 84.430252 84.658966 170.000000
chopper_787 0.005550 1.000000 1.000000 119.013504 157.837524
chopper_729 0.054582 28.973480 16.601307 150.000000 138.019699
chopper_2058 0.166509 523.548096 186.082916 1415.570801 795.582397
chopper_2058 0.050522 103.608521 338.391357 1163.398438 887.023560
chopper_2058 0.019344 194.220703 67.843994 1308.910034 1067.000000
chopper_1170 0.352074 11.147797 38.382076 92.094772 65.688210
chopper_485 0.068373 20.999004 24.954170 116.338959 109.449883
chopper_485 0.029478 50.730209 47.893131 132.399719 118.000000
chopper_485 0.007226 60.861378 75.291306 150.000000 117.018402
chopper_485 0.005495 64.707039 1.000000 150.000000 57.994637
chopper_9 0.026800 7.448318 10.123562 95.633545 89.713425
chopper_1143 0.006016 47.959892 397.291077 125.506721 461.776001
chopper_1143 0.005006 271.931366 379.338257 363.275299 440.394409
chopper_1299 0.236948 123.256760 13.222588 462.577576 119.243660
chopper_1299 0.005593 46.839630 1.000000 500.000000 138.272400
chopper_1983 0.019906 1.000000 116.907516 181.999954 324.000000
chopper_1983 0.015663 11.308640 23.378510 252.000000 283.667175
chopper_1965 0.027304 13.917145 7.809441 81.937462 84.359741
chopper_1965 0.005048 2.560608 34.511372 51.402763 96.284821
chopper_1661 0.173175 1.000000 53.455231 246.401459 150.861206
chopper_206 0.026058 130.648315 195.678802 381.948273 375.000000
chopper_206 0.010676 258.545288 260.494415 445.297363 375.000000
chopper_206 0.005873 282.882446 195.182404 498.058716 375.000000
chopper_1585 0.148344 167.075928 71.539658 871.465332 246.039871
chopper_522 0.111694 46.570335 44.418217 208.993042 98.640991
chopper_362 0.300303 46.149132 1.000000 158.480438 202.305801
chopper_362 0.101399 216.139496 142.690002 297.664551 358.515900
chopper_362 0.006523 17.960007 13.515854 89.025299 141.898819
chopper_1964 0.159049 43.681931 30.745819 465.147705 407.239899
chopper_1964 0.067596 34.378815 155.765747 251.038300 405.792908
chopper_1964 0.062859 211.416702 115.973389 542.508972 419.851501
chopper_1964 0.018042 130.527863 185.215164 451.192657 425.000000
chopper_1964 0.008917 274.841156 38.027298 640.000000 376.062439
chopper_1964 0.008093 166.622101 1.000000 561.446533 336.671265
chopper_1964 0.006986 1.000000 150.039215 358.548645 425.000000
chopper_289 0.032859 100.777832 1.000000 800.000000 378.000000
chopper_289 0.007266 1.000000 1.000000 607.313477 373.431091
chopper_932 0.008627 33.983917 1.000000 188.242462 54.971397
chopper_756 0.056685 57.104370 1.000000 346.412323 107.388298
chopper_151 0.054300 61.499557 3.936798 226.616165 394.000000
chopper_151 0.007405 232.032715 337.322815 254.201050 384.288269
chopper_151 0.007061 10.538818 88.638054 305.774200 343.321686
chopper_2475 0.218796 25.705067 57.424973 117.933701 95.792587
chopper_2475 0.181184 30.621510 19.738091 122.428192 61.877457
chopper_2475 0.008163 1.000000 27.752069 91.472427 82.740517
chopper_2644 0.006128 1.000000 1.000000 418.456329 170.616470
chopper_2644 0.005334 1.000000 1.000000 308.664703 287.262573
chopper_241 0.008229 1.000000 23.514412 67.981758 100.000000
chopper_927 0.089836 214.990341 52.535660 500.000000 197.841248
chopper_927 0.038326 145.103012 81.364235 425.620789 267.404449
chopper_927 0.024287 1.000000 131.384460 320.816437 371.476715
chopper_927 0.005594 60.945724 53.239365 500.000000 312.655151
chopper_137 0.018760 36.404022 1.000000 247.195099 264.009155
chopper_137 0.005807 211.386200 207.307159 258.978699 273.131348
chopper_2438 0.827866 326.938080 63.925964 395.463654 151.772263
chopper_2438 0.076829 94.740715 290.174591 281.595306 366.735748
chopper_2438 0.013365 309.694885 312.480042 374.638489 362.301514
chopper_2438 0.007541 111.237305 310.722382 209.423584 364.898895
chopper_2483 0.289892 52.300423 4.778671 188.971710 51.526501
chopper_2483 0.116787 11.117279 13.297453 156.209656 60.621941
chopper_2483 0.042304 156.148712 22.951859 469.812836 265.864075
chopper_2483 0.025303 96.682098 1.000000 221.556030 46.848820
chopper_2483 0.021630 29.503265 122.620949 213.034485 185.344742
chopper_2483 0.007331 74.042717 6.887964 262.772308 66.637352
chopper_79 0.051543 75.429596 1.000000 361.690125 300.000000
chopper_79 0.013975 1.000000 77.497787 400.000000 278.371155
chopper_79 0.006957 1.000000 1.000000 283.472260 227.257355
chopper_1235 0.074064 47.177002 5.894531 325.000000 133.000000
chopper_280 0.007966 37.231270 28.401707 250.000000 123.716965
chopper_280 0.007747 167.780807 55.254299 242.391769 76.948868
chopper_280 0.005191 153.206116 58.325253 248.110016 93.232956
chopper_571 0.364907 26.164818 75.648163 178.823730 129.747055
chopper_571 0.006731 1.000000 52.394749 200.000000 139.355499
chopper_1578 0.010180 1.000000 24.467754 150.000000 102.156754
chopper_992 0.031218 1.000000 21.236969 102.856483 344.969177
chopper_992 0.024852 230.493820 323.428223 500.000000 369.135010
chopper_992 0.018588 342.063599 316.010040 477.480896 357.240936
chopper_992 0.010363 82.534393 129.379852 409.340149 199.369965
chopper_992 0.005149 285.040955 308.536652 419.238525 365.916901
chopper_424 0.244466 183.179855 65.304207 281.742096 311.416718
chopper_424 0.013947 21.906708 401.328064 230.045395 456.429932
chopper_899 0.022093 24.012207 21.412178 151.261902 176.761169
chopper_2034 0.332590 51.429810 48.130966 147.104034 157.990433
chopper_2034 0.013950 36.301643 1.000000 167.630249 200.000000
chopper_2386 0.621379 21.443077 110.528084 259.703522 296.378693
chopper_2386 0.013271 364.114166 2.677860 456.009918 76.612518
chopper_2386 0.011291 316.916321 1.000000 464.002502 82.115417
chopper_2386 0.009523 205.859558 19.344734 497.903931 175.957764
chopper_2386 0.009479 118.260284 17.414795 162.221436 99.443970
chopper_2386 0.007365 16.151093 221.433136 188.146103 375.000000
chopper_2386 0.005542 146.624695 268.559113 500.000000 369.972870
chopper_965 0.278169 38.078720 38.882378 244.327774 278.254944
chopper_965 0.007803 55.663834 84.287437 275.000000 340.080902
chopper_2162 0.202148 39.544586 51.898094 353.580872 221.426239
chopper_346 0.141866 23.381973 56.804588 160.000000 108.301476
chopper_1671 0.106238 5.601944 322.787903 160.554321 397.813721
chopper_1671 0.053376 121.042908 50.898338 370.857666 187.981506
chopper_1671 0.044673 46.532585 288.907471 233.509613 393.933350
chopper_1671 0.018546 168.282166 206.349503 343.036499 379.190430
chopper_1671 0.010790 4.749985 25.608543 236.921417 98.348045
chopper_1671 0.009890 101.339294 252.273315 275.316742 391.035217
chopper_1671 0.007261 207.203934 230.500595 342.545532 318.576294
chopper_1671 0.005633 71.241226 199.498322 189.816818 268.966614
chopper_2296 0.221110 64.680603 26.251259 329.080261 121.033821
chopper_1345 0.035449 14.314026 109.055817 135.896530 383.015686
chopper_1345 0.009957 83.449913 289.684174 134.766357 393.383759
chopper_158 0.165088 6.744003 94.394379 294.647827 184.089966
chopper_1580 0.123663 11.314316 28.304075 94.400558 91.081512
chopper_1580 0.010336 3.491943 48.942833 51.744064 103.022499
chopper_2172 0.090032 54.120361 22.526379 339.539612 139.340408
chopper_626 0.017844 13.460777 5.720535 125.302498 117.282051
chopper_626 0.011156 1.509033 31.882454 85.968933 134.000000
chopper_1778 0.139684 43.636688 8.697243 291.885864 216.017700
chopper_1778 0.007484 8.026421 1.000000 215.280579 172.364990
chopper_1607 0.246186 207.707886 51.853783 294.288574 296.480133
chopper_1607 0.008733 228.231094 287.071533 318.277222 353.986694
chopper_1417 0.055108 77.611038 6.997452 361.773926 118.000000
chopper_820 0.210411 41.786903 1.000000 230.881531 196.510376
chopper_820 0.005498 15.488632 1.000000 290.358032 207.000000
chopper_477 0.081943 27.546570 4.718029 348.981812 128.604218
